50
    0.1978    0.3474    1.4466    0.9981    0.7040    0.6286    0.8373    1.5353    0.8207    1.5434    1.4902	  1.1601    1.1812    0.6976    0.5549    0.6075    0.6830    0.9081    1.7704    1.5521    0.8662    0.4300    1.9379    1.3733    1.7703    1.2618    0.2782    1.3892    1.0289    1.6759    0.2526    1.1752    0.2846    1.5427    0.9536    0.5569    1.4846    0.3558    0.5092    1.5922    1.4424    0.9462    1.0064    0.3688    0.8539    0.6804    0.7195    0.7497    1.1627    0.5537
    0.3474    1.7802    0.3874    0.5440    1.0129    0.4207    0.8967    0.5046    0.7305    1.2143    1.4797    1.5760    1.5580    0.8425    0.4919    0.9921    1.0586    0.7630    1.3539    0.5971    1.1433    1.5509    0.7676    1.3209    1.3824    1.3315    1.1321    1.2921    0.6866    0.2410    1.1796    1.4298    1.0448    1.2237    1.3574    0.4263    1.4817    1.0105    1.1222    0.7373    0.8039    1.4593    0.8808    1.1788    0.9572    0.9352    1.1520    1.8040    1.0844    1.0540
    1.4466    0.3874    1.0558    1.0359    1.0514    1.2066    0.8477    1.1013    0.5257    0.9975    1.0647    0.8300    1.6589    1.3121    0.6104    0.8888    1.4847    1.0653    1.4433    0.4592    1.3141    1.6781    0.7205    0.6478    0.7522    0.5236    1.3226    0.4208    1.1151    1.4401    0.2375    1.0315    1.5131    0.4280    0.3538    1.5322    0.6501    1.5913    0.8359    1.3030    0.6377    0.0633    1.6346    1.0554    0.7459    1.4977    1.1537    0.3604    1.0205    0.9628
    0.9981    0.5440    1.0359    0.3259    0.4574    0.9097    0.5294    1.1136    0.8156    1.4645    1.6002    0.7225    0.6870    0.7061    1.0104    0.6541    0.3897    1.3479    1.3938    1.0194    0.5386    0.5219    1.6070    0.8010    1.6816    1.6528    1.4276    0.6128    1.0454    1.5913    0.5610    0.8662    0.7889    0.6330    0.7972    1.5209    1.5456    1.2211    0.2587    1.1821    0.8008    1.1667    1.1118    1.0922    1.5669    1.4718    1.6479    1.6725    0.8411    0.1928
    0.7040    1.0129    1.0514    0.4574    0.9081    0.2965    0.1493    1.1393    1.1156    1.6474    0.2491    0.8130    0.6944    0.9639    0.9942    1.1558    0.7026    0.8109    1.1096    1.2203    1.0669    0.7461    0.7981    1.2185    0.5635    1.1429    1.2171    0.1561    0.5317    1.4857    0.0082    0.2194    1.1626    0.7392    0.3515    1.1267    0.9909    1.5311    1.0483    1.5151    0.6601    1.7376    0.8330    0.6571    1.7282    1.1361    1.3665    1.3461    1.3622    1.4791
    0.6286    0.4207    1.2066    0.9097    0.2965    0.6415    0.6339    0.6673    0.4471    0.8862    0.7407    1.4702    1.0170    1.6017    1.1384    1.6276    1.3342    0.8079    0.9879    1.4486    0.7195    1.8756    1.2299    1.4395    1.2777    0.6200    0.6793    1.5826    1.5465    0.6675    1.1773    0.7008    0.0716    0.6124    1.6110    1.7155    1.0760    1.1224    0.6950    0.8090    1.6861    0.4832    0.6993    0.3437    1.2094    0.7043    0.3515    1.0314    0.8629    1.1799
    0.8373    0.8967    0.8477    0.5294    0.1493    0.6339    0.1354    0.9939    1.3334    0.6588    0.9046    1.0102    1.0321    1.9285    1.5847    1.3578    1.1511    1.7112    0.3685    1.0560    0.2434    1.0948    0.0020    1.2968    1.3451    0.7444    1.0180    1.9320    0.5482    1.7770    0.8958    0.7505    1.5396    1.3042    0.6985    0.3710    1.0833    0.9468    1.8291    1.1681    0.4916    0.1440    1.4354    1.2852    0.7498    0.4978    0.3811    1.0994    0.7330    1.0390
    1.5353    0.5046    1.1013    1.1136    1.1393    0.6673    0.9939    0.5010    1.3844    1.1797    1.2265    0.4772    1.6069    1.0329    0.4362    1.6592    1.0275    0.3967    1.1198    0.4777    1.1607    0.3063    0.8110    1.6302    1.0243    1.4396    1.0816    1.4407    1.8195    1.0039    1.6260    1.2706    1.1034    0.4148    1.3286    0.8193    1.2395    0.6243    0.6502    0.8231    0.8439    0.3068    1.3863    0.9657    1.1448    0.5316    1.3694    0.2639    0.2784    0.8135
    0.8207    0.7305    0.5257    0.8156    1.1156    0.4471    1.3334    1.3844    1.9905    0.5448    0.5754    0.7917    1.6170    1.0863    0.7848    1.5788    1.0069    0.9841    0.9187    0.5390    0.9007    0.9403    0.4824    0.6957    1.2797    1.2465    0.8723    0.7032    0.3694    1.0182    1.2145    1.1847    0.7837    1.1835    1.3228    1.1338    1.6716    0.7277    0.9077    1.2059    1.2877    0.8757    1.3948    0.9731    0.4079    0.8380    0.3540    0.4352    1.0890    1.4661
    1.5434    1.2143    0.9975    1.4645    1.6474    0.8862    0.6588    1.1797    0.5448    1.8435    0.7442    1.7164    0.9766    0.3646    0.9700    0.7697    0.7846    1.4656    1.6246    1.2252    1.2346    1.6462    1.0706    0.6917    1.1053    0.3850    1.8098    1.5256    0.7460    1.3533    0.6463    0.3764    0.6954    0.7761    1.6842    0.4737    0.6521    1.4251    0.8081    0.5742    0.6070    0.2910    0.7242    0.9227    1.0174    1.0447    1.4420    1.0637    1.1261    0.7831
    1.4902    1.4797    1.0647    1.6002    0.2491    0.7407    0.9046    1.2265    0.5754    0.7442    1.6936    1.6405    1.2369    0.7452    0.3456    0.0257    1.0731    0.9066    1.1987    0.8741    1.1693    1.7394    0.8630    0.8879    0.3524    1.5284    1.1510    0.9546    1.1233    1.1527    0.5830    1.1067    1.9687    1.2277    1.5050    0.3864    0.1299    1.2847    0.8898    0.7746    0.5687    1.2726    0.5407    1.1575    0.8181    0.7117    1.2489    0.7612    0.5364    0.3780
    1.1601    1.5760    0.8300    0.7225    0.8130    1.4702    1.0102    0.4772    0.7917    1.7164    1.6405    1.3799    1.6297    1.1562    0.3764    1.7386    1.0808    1.3216    1.0703    0.5728    0.9735    0.5663    1.2932    1.5740    1.0604    1.2974    0.8193    1.3608    1.2288    1.1810    1.1001    0.6677    0.2510    0.5070    1.6084    0.4029    0.8263    1.1796    0.6343    0.9442    0.8968    1.2565    1.8240    1.7860    0.5901    0.4519    1.0279    1.3742    0.8657    1.0754
    1.1812    1.5580    1.6589    0.6870    0.6944    1.0170    1.0321    1.6069    1.6170    0.9766    1.2369    1.6297    0.6956    1.1609    0.1851    0.5907    0.8399    1.0887    1.0172    1.2799    0.9987    1.3207    1.0102    1.2819    1.4391    1.1944    0.4320    0.9031    0.9516    0.8319    0.7722    1.0262    0.5853    0.3460    1.0509    0.9324    0.6127    0.5590    1.0762    0.9720    0.8256    0.7651    0.0055    1.4757    1.1729    1.0256    0.6361    1.2197    1.5227    0.8897
    0.6976    0.8425    1.3121    0.7061    0.9639    1.6017    1.9285    1.0329    1.0863    0.3646    0.7452    1.1562    1.1609    1.8686    0.8966    0.7041    0.8509    1.1142    0.7682    0.6375    0.9361    0.8945    0.5749    1.5988    0.7831    1.1332    1.2440    1.0461    1.0925    0.5163    1.8757    0.9449    0.5301    0.8701    0.9736    1.1020    0.7886    1.1212    1.9406    1.7079    1.2997    1.0469    0.6683    1.0874    0.7682    1.3806    1.1032    0.7836    1.0678    1.3306
    0.5549    0.4919    0.6104    1.0104    0.9942    1.1384    1.5847    0.4362    0.7848    0.9700    0.3456    0.3764    0.1851    0.8966    0.5377    0.1290    0.8585    1.0768    0.7698    0.6228    0.4691    0.4330    0.4395    0.6515    1.0226    0.9876    1.7416    0.8180    0.9621    1.6216    1.1898    1.1071    0.7552    1.6182    1.1152    0.5354    0.9146    0.7479    0.9343    1.1698    1.1412    0.7309    1.0134    0.8485    0.9575    0.5180    1.5740    0.2925    0.8653    1.2406
    0.6075    0.9921    0.8888    0.6541    1.1558    1.6276    1.3578    1.6592    1.5788    0.7697    0.0257    1.7386    0.5907    0.7041    0.1290    1.5702    1.0758    1.3676    1.1370    1.3453    1.0153    1.0767    0.9597    1.3664    0.8932    0.6890    1.2124    0.9292    0.7570    1.0940    1.1057    0.8538    0.9865    1.7451    0.6902    0.6752    0.7670    0.8223    0.8271    1.9169    0.5288    1.4555    0.9513    0.2681    0.6353    0.9722    0.7104    0.4976    1.6954    1.9074
    0.6830    1.0586    1.4847    0.3897    0.7026    1.3342    1.1511    1.0275    1.0069    0.7846    1.0731    1.0808    0.8399    0.8509    0.8585    1.0758    1.5707    1.0405    1.4855    1.1037    1.7983    0.5669    0.4342    0.6992    1.2200    0.6098    1.2739    0.8427    0.4245    1.2327    1.1062    1.7856    1.0699    0.4372    0.4214    1.5173    1.7745    1.6260    1.3878    1.3669    1.4865    1.2355    1.4311    1.2922    0.1674    1.0150    1.4673    0.7361    0.2559    1.3950
    0.9081    0.7630    1.0653    1.3479    0.8109    0.8079    1.7112    0.3967    0.9841    1.4656    0.9066    1.3216    1.0887    1.1142    1.0768    1.3676    1.0405    1.7870    0.5523    0.6223    1.2244    1.2731    0.8980    1.1679    0.6552    1.0962    0.8028    0.9908    0.9722    1.1435    0.7218    1.5503    0.7400    1.6108    1.7801    1.1099    1.7788    0.9235    0.0703    0.1773    0.5639    1.0274    0.9778    1.0250    0.8812    0.7940    0.6759    1.3597    0.6698    1.2606
    1.7704    1.3539    1.4433    1.3938    1.1096    0.9879    0.3685    1.1198    0.9187    1.6246    1.1987    1.0703    1.0172    0.7682    0.7698    1.1370    1.4855    0.5523    0.5308    0.5434    1.8673    0.8755    0.5225    0.2547    1.2790    0.2854    0.5298    0.5334    0.5177    1.4765    1.7653    1.5324    1.5443    1.7529    0.5054    0.5507    0.5047    0.3576    0.5573    0.6018    0.9794    1.3018    1.2525    1.4049    0.7877    1.3903    1.1307    0.5478    0.7465    1.0105
    1.5521    0.5971    0.4592    1.0194    1.2203    1.4486    1.0560    0.4777    0.5390    1.2252    0.8741    0.5728    1.2799    0.6375    0.6228    1.3453    1.1037    0.6223    0.5434    1.3871    1.6845    0.6566    1.3883    0.9986    0.8627    1.7268    1.1133    1.5822    1.0007    0.6572    0.9958    1.3525    0.4644    1.3212    0.7891    1.2233    1.2723    1.3654    0.5160    1.2022    0.9743    0.4619    0.9740    0.8605    1.5849    1.7019    1.3339    1.0487    1.5427    1.5883
    0.8662    1.1433    1.3141    0.5386    1.0669    0.7195    0.2434    1.1607    0.9007    1.2346    1.1693    0.9735    0.9987    0.9361    0.4691    1.0153    1.7983    1.2244    1.8673    1.6845    1.5115    1.0002    1.1674    0.5790    1.5120    0.7026    0.8369    0.5537    1.3828    0.2258    0.8767    0.5487    0.3438    0.4487    0.1986    1.0911    0.9056    1.1556    0.5837    1.2311    0.7289    0.8307    1.3720    1.5693    0.6669    0.6327    0.6802    1.2637    0.7390    1.4285
    0.4300    1.5509    1.6781    0.5219    0.7461    1.8756    1.0948    0.3063    0.9403    1.6462    1.7394    0.5663    1.3207    0.8945    0.4330    1.0767    0.5669    1.2731    0.8755    0.6566    1.0002    1.4373    1.0728    0.5412    1.1883    1.7786    1.0548    0.3789    0.4725    1.1571    1.3469    0.9116    1.3036    0.6554    0.3123    0.1580    0.3873    1.6880    0.5482    0.7463    0.1274    1.4347    0.5689    0.4446    1.2185    1.4822    1.5019    1.6444    0.3781    1.3455
    1.9379    0.7676    0.7205    1.6070    0.7981    1.2299    0.0020    0.8110    0.4824    1.0706    0.8630    1.2932    1.0102    0.5749    0.4395    0.9597    0.4342    0.8980    0.5225    1.3883    1.1674    1.0728    1.1869    1.2199    1.4524    1.5978    1.2279    1.3637    1.6133    1.3581    0.7462    0.9605    0.9982    1.2262    1.6675    1.1922    0.5418    1.4828    1.2925    0.4178    1.1188    1.3664    0.7819    1.0147    0.4940    1.3514    0.8565    0.8139    0.7892    0.9465
    1.3733    1.3209    0.6478    0.8010    1.2185    1.4395    1.2968    1.6302    0.6957    0.6917    0.8879    1.5740    1.2819    1.5988    0.6515    1.3664    0.6992    1.1679    0.2547    0.9986    0.5790    0.5412    1.2199    0.7204    0.1573    1.8056    0.6819    0.7692    1.5358    1.0503    0.6759    0.5194    1.1889    1.6164    1.9134    0.5025    1.8502    0.7511    0.7262    0.7403    0.9381    1.2036    0.9598    0.4690    0.7593    1.6287    1.1308    1.2137    0.9798    0.4141
    1.7703    1.3824    0.7522    1.6816    0.5635    1.2777    1.3451    1.0243    1.2797    1.1053    0.3524    1.0604    1.4391    0.7831    1.0226    0.8932    1.2200    0.6552    1.2790    0.8627    1.5120    1.1883    1.4524    0.1573    1.8849    1.3815    0.7110    0.8585    0.6267    1.0566    0.8549    1.7410    1.7598    1.3083    0.8555    1.2297    1.3380    1.5677    0.7971    0.3570    1.0171    1.3139    1.2230    1.0578    0.3043    0.3815    1.6901    1.0282    0.9809    0.9118
    1.2618    1.3315    0.5236    1.6528    1.1429    0.6200    0.7444    1.4396    1.2465    0.3850    1.5284    1.2974    1.1944    1.1332    0.9876    0.6890    0.6098    1.0962    0.2854    1.7268    0.7026    1.7786    1.5978    1.8056    1.3815    0.0717    1.1355    0.9714    1.0731    0.7575    0.7427    0.7332    0.1250    0.8719    1.1766    0.5370    1.2809    0.8300    1.5698    1.1480    1.2474    1.8612    1.7787    0.6063    0.7883    1.2351    0.7682    0.6082    0.9474    1.1700
    0.2782    1.1321    1.3226    1.4276    1.2171    0.6793    1.0180    1.0816    0.8723    1.8098    1.1510    0.8193    0.4320    1.2440    1.7416    1.2124    1.2739    0.8028    0.5298    1.1133    0.8369    1.0548    1.2279    0.6819    0.7110    1.1355    0.7299    1.2323    0.9276    1.3283    0.7314    1.2472    0.9118    1.0287    1.1304    0.5901    0.3297    0.3630    1.3554    1.7481    1.0423    0.6969    0.1744    0.1550    1.2998    1.1388    0.3343    0.8163    0.9908    0.5250
    1.3892    1.2921    0.4208    0.6128    0.1561    1.5826    1.9320    1.4407    0.7032    1.5256    0.9546    1.3608    0.9031    1.0461    0.8180    0.9292    0.8427    0.9908    0.5334    1.5822    0.5537    0.3789    1.3637    0.7692    0.8585    0.9714    1.2323    0.2641    1.2360    1.1398    1.5176    1.2389    0.9671    1.0685    1.6332    1.3904    0.4506    1.6260    0.7743    0.7712    0.2426    0.6680    0.7938    1.0104    0.6068    1.0205    1.1847    0.4217    1.2043    1.2870
    1.0289    0.6866    1.1151    1.0454    0.5317    1.5465    0.5482    1.8195    0.3694    0.7460    1.1233    1.2288    0.9516    1.0925    0.9621    0.7570    0.4245    0.9722    0.5177    1.0007    1.3828    0.4725    1.6133    1.5358    0.6267    1.0731    0.9276    1.2360    0.7554    0.9156    1.0282    0.8167    0.5884    1.3866    1.4136    0.9966    1.0168    1.1537    1.7950    0.1328    1.1350    1.0694    0.8880    1.4944    1.4047    1.1353    0.9722    0.4442    0.8934    0.3197
    1.6759    0.2410    1.4401    1.5913    1.4857    0.6675    1.7770    1.0039    1.0182    1.3533    1.1527    1.1810    0.8319    0.5163    1.6216    1.0940    1.2327    1.1435    1.4765    0.6572    0.2258    1.1571    1.3581    1.0503    1.0566    0.7575    1.3283    1.1398    0.9156    0.0294    1.3595    1.1096    0.9506    1.2198    1.4554    1.0665    0.8188    1.1358    1.0170    1.1551    1.1086    1.5492    0.2597    0.1159    0.9029    1.1482    0.7297    1.0324    0.6449    0.4139
    0.2526    1.1796    0.2375    0.5610    0.0082    1.1773    0.8958    1.6260    1.2145    0.6463    0.5830    1.1001    0.7722    1.8757    1.1898    1.1057    1.1062    0.7218    1.7653    0.9958    0.8767    1.3469    0.7462    0.6759    0.8549    0.7427    0.7314    1.5176    1.0282    1.3595    0.3816    1.3595    1.1235    0.1024    1.8331    1.4124    0.9848    0.9212    1.4972    0.9866    1.2378    0.7501    1.6109    0.9767    0.2071    1.5815    1.5553    1.1297    1.1749    0.6493
    1.1752    1.4298    1.0315    0.8662    0.2194    0.7008    0.7505    1.2706    1.1847    0.3764    1.1067    0.6677    1.0262    0.9449    1.1071    0.8538    1.7856    1.5503    1.5324    1.3525    0.5487    0.9116    0.9605    0.5194    1.7410    0.7332    1.2472    1.2389    0.8167    1.1096    1.3595    0.3041    1.4053    0.9694    1.2780    0.8214    1.2914    1.3371    1.4795    1.0623    0.9505    1.4980    1.5424    0.9357    0.9313    1.3904    1.7473    0.6527    0.7136    0.8593
    0.2846    1.0448    1.5131    0.7889    1.1626    0.0716    1.5396    1.1034    0.7837    0.6954    1.9687    0.2510    0.5853    0.5301    0.7552    0.9865    1.0699    0.7400    1.5443    0.4644    0.3438    1.3036    0.9982    1.1889    1.7598    0.1250    0.9118    0.9671    0.5884    0.9506    1.1235    1.4053    1.0326    1.5284    1.1957    0.8965    0.2854    0.8192    0.3536    0.0490    1.0634    1.6263    0.5489    0.8595    0.5810    1.1543    1.6159    1.1876    0.9596    1.6531
    1.5427    1.2237    0.4280    0.6330    0.7392    0.6124    1.3042    0.4148    1.1835    0.7761    1.2277    0.5070    0.3460    0.8701    1.6182    1.7451    0.4372    1.6108    1.7529    1.3212    0.4487    0.6554    1.2262    1.6164    1.3083    0.8719    1.0287    1.0685    1.3866    1.2198    0.1024    0.9694    1.5284    1.7902    1.6557    0.6014    0.9819    0.8494    1.5833    1.1707    1.7074    1.1100    1.1988    1.5933    0.9293    0.4771    0.1513    0.5129    0.2133    1.3074
    0.9536    1.3574    0.3538    0.7972    0.3515    1.6110    0.6985    1.3286    1.3228    1.6842    1.5050    1.6084    1.0509    0.9736    1.1152    0.6902    0.4214    1.7801    0.5054    0.7891    0.1986    0.3123    1.6675    1.9134    0.8555    1.1766    1.1304    1.6332    1.4136    1.4554    1.8331    1.2780    1.1957    1.6557    1.6459    1.0866    1.3415    1.1054    1.3373    1.1925    0.8681    1.3348    1.2742    0.6373    1.3985    0.3161    0.8937    1.5347    1.7502    1.3311
    0.5569    0.4263    1.5322    1.5209    1.1267    1.7155    0.3710    0.8193    1.1338    0.4737    0.3864    0.4029    0.9324    1.1020    0.5354    0.6752    1.5173    1.1099    0.5507    1.2233    1.0911    0.1580    1.1922    0.5025    1.2297    0.5370    0.5901    1.3904    0.9966    1.0665    1.4124    0.8214    0.8965    0.6014    1.0866    0.4823    1.3885    1.7348    0.6645    1.0236    0.5281    1.0178    1.8157    0.8544    0.8920    0.8857    0.7792    0.8743    1.4823    0.5179
    1.4846    1.4817    0.6501    1.5456    0.9909    1.0760    1.0833    1.2395    1.6716    0.6521    0.1299    0.8263    0.6127    0.7886    0.9146    0.7670    1.7745    1.7788    0.5047    1.2723    0.9056    0.3873    0.5418    1.8502    1.3380    1.2809    0.3297    0.4506    1.0168    0.8188    0.9848    1.2914    0.2854    0.9819    1.3415    1.3885    1.8413    0.5575    1.1987    0.6534    1.8771    0.6616    0.5450    1.3425    1.0186    1.6441    1.2290    1.1791    1.7973    1.1678
    0.3558    1.0105    1.5913    1.2211    1.5311    1.1224    0.9468    0.6243    0.7277    1.4251    1.2847    1.1796    0.5590    1.1212    0.7479    0.8223    1.6260    0.9235    0.3576    1.3654    1.1556    1.6880    1.4828    0.7511    1.5677    0.8300    0.3630    1.6260    1.1537    1.1358    0.9212    1.3371    0.8192    0.8494    1.1054    1.7348    0.5575    0.9574    1.2027    1.4456    1.2028    1.0391    0.8227    0.9551    0.5203    1.1522    0.5217    1.0711    1.1146    0.9659
    0.5092    1.1222    0.8359    0.2587    1.0483    0.6950    1.8291    0.6502    0.9077    0.8081    0.8898    0.6343    1.0762    1.9406    0.9343    0.8271    1.3878    0.0703    0.5573    0.5160    0.5837    0.5482    1.2925    0.7262    0.7971    1.5698    1.3554    0.7743    1.7950    1.0170    1.4972    1.4795    0.3536    1.5833    1.3373    0.6645    1.1987    1.2027    1.9770    0.8922    0.8874    0.0971    1.6113    1.2155    1.5183    1.3937    1.0005    0.4486    1.0928    0.8338
    1.5922    0.7373    1.3030    1.1821    1.5151    0.8090    1.1681    0.8231    1.2059    0.5742    0.7746    0.9442    0.9720    1.7079    1.1698    1.9169    1.3669    0.1773    0.6018    1.2022    1.2311    0.7463    0.4178    0.7403    0.3570    1.1480    1.7481    0.7712    0.1328    1.1551    0.9866    1.0623    0.0490    1.1707    1.1925    1.0236    0.6534    1.4456    0.8922    1.0654    1.0145    1.2330    0.8097    1.3732    0.6794    0.5420    1.3975    0.7397    0.5958    0.6881
    1.4424    0.8039    0.6377    0.8008    0.6601    1.6861    0.4916    0.8439    1.2877    0.6070    0.5687    0.8968    0.8256    1.2997    1.1412    0.5288    1.4865    0.5639    0.9794    0.9743    0.7289    0.1274    1.1188    0.9381    1.0171    1.2474    1.0423    0.2426    1.1350    1.1086    1.2378    0.9505    1.0634    1.7074    0.8681    0.5281    1.8771    1.2028    0.8874    1.0145    0.1520    1.1244    0.5172    1.6093    1.0790    1.3861    0.4072    1.1789    0.4376    1.3841
    0.9462    1.4593    0.0633    1.1667    1.7376    0.4832    0.1440    0.3068    0.8757    0.2910    1.2726    1.2565    0.7651    1.0469    0.7309    1.4555    1.2355    1.0274    1.3018    0.4619    0.8307    1.4347    1.3664    1.2036    1.3139    1.8612    0.6969    0.6680    1.0694    1.5492    0.7501    1.4980    1.6263    1.1100    1.3348    1.0178    0.6616    1.0391    0.0971    1.2330    1.1244    1.2517    0.0292    0.9463    0.9474    0.2672    0.6629    0.4976    0.7790    0.6489
    1.0064    0.8808    1.6346    1.1118    0.8330    0.6993    1.4354    1.3863    1.3948    0.7242    0.5407    1.8240    0.0055    0.6683    1.0134    0.9513    1.4311    0.9778    1.2525    0.9740    1.3720    0.5689    0.7819    0.9598    1.2230    1.7787    0.1744    0.7938    0.8880    0.2597    1.6109    1.5424    0.5489    1.1988    1.2742    1.8157    0.5450    0.8227    1.6113    0.8097    0.5172    0.0292    0.3056    1.3085    1.2132    1.2843    0.6695    1.4592    0.3702    0.8498
    0.3688    1.1788    1.0554    1.0922    0.6571    0.3437    1.2852    0.9657    0.9731    0.9227    1.1575    1.7860    1.4757    1.0874    0.8485    0.2681    1.2922    1.0250    1.4049    0.8605    1.5693    0.4446    1.0147    0.4690    1.0578    0.6063    0.1550    1.0104    1.4944    0.1159    0.9767    0.9357    0.8595    1.5933    0.6373    0.8544    1.3425    0.9551    1.2155    1.3732    1.6093    0.9463    1.3085    1.0773    1.5981    0.9742    0.8080    0.8149    0.3346    0.6659
    0.8539    0.9572    0.7459    1.5669    1.7282    1.2094    0.7498    1.1448    0.4079    1.0174    0.8181    0.5901    1.1729    0.7682    0.9575    0.6353    0.1674    0.8812    0.7877    1.5849    0.6669    1.2185    0.4940    0.7593    0.3043    0.7883    1.2998    0.6068    1.4047    0.9029    0.2071    0.9313    0.5810    0.9293    1.3985    0.8920    1.0186    0.5203    1.5183    0.6794    1.0790    0.9474    1.2132    1.5981    0.3103    0.9997    1.0584    0.7849    0.6023    1.0498
    0.6804    0.9352    1.4977    1.4718    1.1361    0.7043    0.4978    0.5316    0.8380    1.0447    0.7117    0.4519    1.0256    1.3806    0.5180    0.9722    1.0150    0.7940    1.3903    1.7019    0.6327    1.4822    1.3514    1.6287    0.3815    1.2351    1.1388    1.0205    1.1353    1.1482    1.5815    1.3904    1.1543    0.4771    0.3161    0.8857    1.6441    1.1522    1.3937    0.5420    1.3861    0.2672    1.2843    0.9742    0.9997    0.7590    0.9989    0.9376    1.7075    1.2600
    0.7195    1.1520    1.1537    1.6479    1.3665    0.3515    0.3811    1.3694    0.3540    1.4420    1.2489    1.0279    0.6361    1.1032    1.5740    0.7104    1.4673    0.6759    1.1307    1.3339    0.6802    1.5019    0.8565    1.1308    1.6901    0.7682    0.3343    1.1847    0.9722    0.7297    1.5553    1.7473    1.6159    0.1513    0.8937    0.7792    1.2290    0.5217    1.0005    1.3975    0.4072    0.6629    0.6695    0.8080    1.0584    0.9989    1.9079    0.8169    1.5608    0.5602
    0.7497    1.8040    0.3604    1.6725    1.3461    1.0314    1.0994    0.2639    0.4352    1.0637    0.7612    1.3742    1.2197    0.7836    0.2925    0.4976    0.7361    1.3597    0.5478    1.0487    1.2637    1.6444    0.8139    1.2137    1.0282    0.6082    0.8163    0.4217    0.4442    1.0324    1.1297    0.6527    1.1876    0.5129    1.5347    0.8743    1.1791    1.0711    0.4486    0.7397    1.1789    0.4976    1.4592    0.8149    0.7849    0.9376    0.8169    0.3272    0.2390    1.0082
    1.1627    1.0844    1.0205    0.8411    1.3622    0.8629    0.7330    0.2784    1.0890    1.1261    0.5364    0.8657    1.5227    1.0678    0.8653    1.6954    0.2559    0.6698    0.7465    1.5427    0.7390    0.3781    0.7892    0.9798    0.9809    0.9474    0.9908    1.2043    0.8934    0.6449    1.1749    0.7136    0.9596    0.2133    1.7502    1.4823    1.7973    1.1146    1.0928    0.5958    0.4376    0.7790    0.3702    0.3346    0.6023    1.7075    1.5608    0.2390    1.4957    0.4231
    0.5537    1.0540    0.9628    0.1928    1.4791    1.1799    1.0390    0.8135    1.4661    0.7831    0.3780    1.0754    0.8897    1.3306    1.2406    1.9074    1.3950    1.2606    1.0105    1.5883    1.4285    1.3455    0.9465    0.4141    0.9118    1.1700    0.5250    1.2870    0.3197    0.4139    0.6493    0.8593    1.6531    1.3074    1.3311    0.5179    1.1678    0.9659    0.8338    0.6881    1.3841    0.6489    0.8498    0.6659    1.0498    1.2600    0.5602    1.0082    0.4231    0.5323

